1000 2000
384 887
778 916
336 794
387 493
422 650
28 363
60 691
764 927
427 541
173 737
212 369
430 568
531 783
124 863
68 136
803 930
23 59
70 168
394 457
12 43
230 374
422 920
538 785
199 325
316 371
414 527
92 981
874 957
171 863
282 997
306 926
85 328
337 506
730 847
314 858
125 896
546 583
368 815
365 435
44 751
88 809
179 277
585 789
404 652
400 755
61 933
369 677
13 740
227 587
95 540
571 796
379 435
468 602
98 903
318 493
653 757
281 302
287 442
690 866
445 620
441 730
32 118
98 772
482 676
710 928
568 857
354 498
587 966
307 684
220 625
529 872
733 830
20 504
271 369
709 716
150 341
724 797
246 619
452 847
556 922
380 489
229 765
351 842
194 501
35 765
125 915
857 988
492 744
228 366
860 937
433 552
229 438
276 408
122 475
396 859
30 238
236 794
429 819
12 144
530 929
405 777
444 764
539 614
607 841
819 905
129 689
370 918
918 997
325 744
184 471
491 500
726 773
591 645
140 506
787 955
83 670
465 543
198 508
356 805
349 612
623 829
300 344
569 747
341 423
312 811
606 802
662 731
306 879
321 737
445 627
466 523
417 709
259 283
638 925
63 625
37 601
453 900
380 551
72 469
132 974
882 931
895 934
164 661
200 982
900 997
774 960
669 814
96 191
467 927
85 341
91 685
377 543
108 937
446 757
180 419
413 888
173 349
10 660
211 337
343 588
207 302
373 714
256 322
600 820
722 905
812 940
668 941
229 706
128 151
659 985
225 921
270 423
82 397
85 631
293 973
673 851
386 626
223 300
43 641
714 899
191 299
525 591
210 582
337 820
156 733
5 995
380 770
274 777
256 851
143 861
580 885
206 994
568 622
505 614
755 962
260 327
203 945
203 507
22 785
843 869
190 529
873 909
499 959
37 809
249 754
304 334
134 649
755 891
568 747
369 530
47 501
789 798
250 991
34 304
364 498
254 893
126 687
153 997
189 976
158 730
437 461
415 922
305 461
28 29
51 749
557 903
698 795
44 700
3 40
404 429
501 682
539 648
152 160
135 536
340 693
128 216
505 630
50 965
286 430
336 344
178 901
239 972
290 950
368 989
293 796
145 744
391 830
341 683
542 570
233 827
43 262
118 361
24 762
82 310
191 426
368 997
235 678
627 691
58 525
169 615
206 359
313 387
101 347
727 995
553 917
530 579
291 947
648 971
52 81
594 632
628 858
313 887
215 356
91 513
413 480
611 970
190 275
356 642
434 621
889 988
339 567
285 771
418 857
261 607
238 850
60 206
218 519
784 946
459 874
638 874
290 484
479 608
315 758
472 730
101 460
439 619
26 389
75 234
158 682
359 494
271 700
418 840
364 570
623 795
174 848
432 463
391 683
293 792
58 116
158 522
492 575
948 952
22 232
538 741
31 55
99 326
82 517
3 517
140 232
405 797
339 581
22 219
863 971
380 813
686 978
537 905
177 484
208 760
745 858
500 912
128 951
237 561
106 819
50 564
245 712
806 935
292 376
615 956
590 769
919 994
806 883
823 983
31 718
94 575
127 594
254 487
75 544
714 815
180 378
763 776
89 920
711 733
18 295
236 347
138 692
154 944
329 574
292 926
19 711
218 837
56 964
91 859
131 905
572 662
634 686
74 790
605 852
251 806
504 869
7 486
196 640
121 950
227 968
678 764
597 982
561 866
37 956
519 771
212 343
197 533
322 380
271 985
173 428
41 235
73 284
399 831
64 348
31 951
574 715
60 523
48 925
83 436
205 233
444 955
487 899
279 641
160 263
263 684
42 849
325 724
123 273
155 336
458 822
366 748
172 777
219 270
702 704
654 934
908 960
729 807
721 798
85 309
335 699
377 992
716 899
53 172
190 560
11 507
17 225
110 540
1 379
54 110
82 115
339 990
68 427
148 224
232 788
123 533
282 876
180 851
255 591
132 351
814 858
182 495
82 604
434 721
182 983
416 488
297 826
405 723
552 893
33 298
135 182
416 507
58 709
596 1000
298 963
484 777
155 978
310 588
383 933
22 267
564 861
212 683
87 686
286 931
584 991
315 477
117 821
526 893
529 840
491 526
137 361
619 644
338 929
583 622
311 956
226 889
571 816
438 854
9 723
351 784
98 658
127 828
72 270
150 652
529 911
399 640
611 889
394 578
891 977
200 553
88 932
100 778
567 658
18 953
642 736
299 369
185 196
777 806
267 429
529 955
309 594
198 279
556 673
446 775
1 326
284 998
128 413
383 422
335 694
335 440
160 422
958 986
355 762
763 973
542 717
851 853
483 663
218 400
155 174
16 507
365 852
264 791
173 492
38 538
829 860
281 872
342 591
353 971
512 666
70 518
84 362
113 352
301 507
639 668
365 490
33 155
105 876
142 680
413 539
637 970
171 957
761 845
650 815
315 466
327 887
40 184
536 970
153 622
394 791
110 290
632 674
265 736
296 549
314 878
199 834
356 950
156 794
157 469
934 961
287 824
172 359
141 678
182 246
762 991
51 324
101 955
76 365
43 625
660 920
290 845
239 470
552 977
20 384
134 344
305 957
476 982
12 667
913 968
193 730
869 903
3 132
175 208
217 719
184 378
473 488
574 958
63 126
798 934
419 497
142 154
475 727
394 981
486 949
31 306
30 560
161 899
425 563
281 720
642 903
11 481
584 727
141 790
709 724
558 939
432 494
221 711
691 906
392 614
271 639
422 668
672 830
181 744
96 900
25 89
155 387
233 570
711 970
31 374
434 664
280 588
95 650
352 500
340 465
331 743
87 516
350 916
187 882
12 635
134 388
288 723
644 774
520 743
245 355
125 140
64 260
354 419
270 713
405 706
734 800
735 820
316 436
88 854
451 670
488 803
563 838
90 611
206 961
705 912
558 830
404 817
822 893
523 606
444 580
362 529
379 448
46 701
788 883
552 900
387 590
354 427
795 949
37 507
93 108
418 665
821 922
167 481
355 995
124 438
485 934
313 318
18 932
166 710
157 609
70 746
423 996
172 296
560 570
677 802
572 653
341 926
173 744
90 92
528 567
813 879
51 197
125 334
187 214
371 500
569 795
116 142
343 640
264 438
199 591
203 940
514 632
129 258
572 805
347 684
139 226
496 541
422 973
227 635
159 726
357 953
473 646
340 447
112 884
604 662
543 826
217 340
175 345
331 597
268 295
14 758
520 861
293 651
833 877
280 991
636 954
296 599
108 742
571 938
541 977
585 802
84 801
493 610
441 497
764 940
305 736
607 874
165 524
252 350
531 752
340 705
166 987
303 626
80 592
408 548
132 485
562 920
54 932
428 529
495 820
544 582
124 769
188 640
439 644
395 989
321 681
99 487
19 753
99 464
11 696
180 506
67 143
99 426
473 979
854 967
749 798
273 548
87 517
160 913
878 901
198 554
4 933
36 952
108 499
50 155
862 907
4 335
326 785
429 798
634 764
116 561
15 382
186 898
98 101
330 409
314 350
635 880
317 915
586 776
766 987
627 931
617 893
570 630
410 753
367 516
396 834
429 777
614 848
27 301
63 787
630 764
101 509
398 417
776 983
541 545
321 827
519 566
500 795
135 547
854 909
63 304
687 843
433 535
808 811
835 870
597 816
697 985
325 383
452 466
362 717
38 344
188 862
603 982
89 361
621 880
294 942
629 925
136 709
163 943
871 997
164 467
501 812
488 516
235 333
291 951
634 694
340 881
294 495
214 855
383 445
324 476
739 752
874 952
466 812
169 682
684 814
500 978
15 536
465 770
108 347
73 392
412 741
588 624
58 837
440 794
282 621
115 372
372 419
535 597
765 884
568 698
68 801
336 675
434 491
133 458
530 950
524 691
148 293
350 630
336 423
141 969
44 256
340 767
26 937
261 654
53 221
205 958
288 984
541 722
827 998
128 206
729 879
170 171
228 799
521 564
222 661
617 884
224 268
293 383
36 512
554 564
609 863
769 896
199 661
377 969
10 174
504 888
255 674
58 482
824 930
45 397
281 943
13 210
748 856
367 855
135 760
282 743
402 974
172 639
414 959
423 900
485 756
91 662
72 781
604 924
1 321
1 943
13 953
505 808
359 760
526 895
118 159
91 637
561 627
615 974
866 938
422 749
410 621
401 864
787 833
5 834
357 459
128 411
369 632
129 570
342 447
375 459
11 606
166 902
868 990
491 927
239 733
700 706
1 563
458 833
349 462
18 808
170 498
539 570
129 140
19 471
393 586
281 543
534 755
708 744
401 551
22 486
721 789
141 191
635 648
326 984
462 695
143 631
64 192
321 521
539 555
143 493
423 931
35 686
95 309
709 781
645 803
546 785
88 523
158 926
603 736
493 549
297 987
531 841
50 52
513 957
590 655
449 873
429 483
89 558
338 577
221 798
140 695
6 15
283 783
524 870
16 237
418 885
300 354
725 755
237 351
293 711
159 243
24 165
642 722
112 570
261 411
791 903
148 956
90 917
440 782
18 959
376 807
512 902
675 979
266 378
567 977
162 670
135 834
128 537
907 1000
317 698
261 840
568 571
487 987
9 768
278 967
137 436
38 694
720 947
213 368
97 935
118 541
96 675
632 951
209 803
631 852
243 526
448 691
162 677
170 935
564 796
136 932
181 352
298 321
689 901
862 997
402 975
70 115
417 429
53 583
626 683
434 503
124 278
791 950
152 236
947 961
448 800
230 503
550 629
529 800
14 590
564 877
767 991
195 985
37 760
385 777
72 210
239 701
540 685
491 836
451 776
782 927
251 363
429 879
265 580
759 854
635 945
712 770
106 978
258 737
35 143
473 566
596 711
266 633
108 250
377 468
559 602
161 303
83 964
39 228
15 797
434 959
431 555
408 670
660 928
496 802
314 968
261 719
30 336
632 893
444 713
8 354
314 663
514 629
97 552
111 857
642 700
70 482
91 196
855 890
370 737
9 683
705 727
296 734
188 415
365 858
252 725
211 565
724 739
194 835
402 627
326 946
367 395
590 807
48 457
796 827
785 804
841 861
156 883
574 649
291 696
506 947
68 367
105 864
409 791
291 769
162 236
94 556
252 602
145 411
292 652
436 589
448 449
276 682
201 957
330 652
835 843
561 950
165 902
44 665
573 956
734 812
257 543
497 641
137 860
259 511
429 847
298 876
295 925
251 557
126 886
254 320
72 556
325 881
720 897
368 645
204 531
730 747
371 787
595 646
853 859
287 509
699 806
345 514
422 731
208 948
201 659
730 879
108 759
54 180
8 773
176 211
303 905
309 441
627 903
87 486
107 947
124 805
638 752
502 834
411 449
70 393
1 272
109 151
382 557
288 389
329 463
952 984
260 719
346 424
515 862
183 973
658 808
130 912
295 631
58 745
79 138
79 127
629 761
142 187
185 826
866 883
640 834
359 849
445 624
56 311
486 590
284 645
247 413
556 894
43 301
121 951
429 790
550 551
57 738
43 242
915 925
459 555
110 659
265 555
282 320
119 217
261 500
507 764
264 319
306 400
702 971
112 778
130 329
13 187
56 418
684 780
590 980
90 238
248 854
881 996
212 525
785 1000
115 712
327 644
43 785
108 633
97 762
219 226
232 442
211 764
287 895
618 895
484 836
59 83
54 338
214 316
315 618
681 999
642 781
7 565
36 639
24 132
243 753
546 710
825 826
464 757
3 72
81 907
486 492
175 990
545 657
162 389
739 971
103 842
380 849
19 767
43 839
251 943
285 960
462 489
136 597
207 925
357 599
114 436
455 848
745 963
111 703
258 433
441 452
172 887
300 905
290 490
540 947
583 785
273 851
44 987
320 869
193 819
658 677
254 876
216 464
620 926
270 878
596 681
233 332
501 523
447 821
414 957
30 265
229 425
251 449
745 795
619 773
805 873
268 648
440 620
194 710
255 849
529 771
356 851
351 860
32 230
149 643
178 989
569 907
509 955
370 699
304 988
108 471
212 470
4 727
272 441
65 289
187 527
377 817
28 542
79 123
60 227
400 766
24 405
359 968
533 689
188 409
231 677
240 295
52 373
243 493
307 645
523 781
494 950
387 899
329 977
388 510
203 627
139 959
459 650
182 669
147 429
175 721
15 659
63 415
657 740
555 736
316 335
161 258
508 636
547 965
56 484
38 704
34 843
349 684
301 369
217 447
150 938
160 622
304 388
43 222
44 776
711 778
387 463
98 871
418 894
62 729
118 825
767 859
467 960
260 894
110 187
58 336
31 47
496 703
418 717
97 814
493 875
307 524
261 395
404 507
164 818
235 340
353 935
550 894
443 819
6 505
905 914
303 693
188 945
5 362
102 257
527 749
51 328
55 940
797 810
312 446
627 681
3 913
33 553
158 204
347 662
251 561
253 928
554 872
441 558
49 585
11 112
149 338
514 555
278 662
75 364
325 343
327 755
140 255
765 879
226 343
778 903
705 828
155 381
576 947
161 291
301 995
143 624
489 991
620 697
150 413
694 826
449 755
152 361
383 588
125 930
903 960
184 787
338 607
168 535
637 810
47 631
110 670
126 452
158 174
71 659
586 765
340 484
565 987
53 504
177 369
328 433
431 968
38 467
305 634
293 572
618 795
256 276
401 639
148 708
574 778
158 160
894 993
458 851
903 979
348 961
432 745
27 862
493 712
369 899
478 822
272 661
288 791
781 880
587 688
280 614
364 437
125 610
429 975
67 760
28 230
459 661
485 772
836 874
125 330
159 204
216 946
89 783
504 662
543 869
248 501
156 963
632 937
572 718
639 959
188 477
18 935
141 200
73 771
328 452
197 883
495 611
99 393
583 954
54 803
653 848
356 655
592 615
539 987
661 945
489 529
484 546
35 423
38 545
108 366
656 997
248 607
150 698
84 351
3 404
239 851
56 893
22 206
192 836
496 912
440 489
324 984
337 758
359 727
303 466
92 651
121 691
609 623
389 959
58 391
296 362
241 769
541 798
142 376
54 342
224 830
559 845
153 534
317 511
260 971
328 351
801 973
41 581
775 781
539 832
172 900
480 764
513 562
255 747
918 970
84 763
529 588
197 296
451 555
130 167
139 257
297 930
56 719
430 609
601 888
508 719
716 879
629 738
391 836
309 883
318 806
423 686
70 258
708 882
400 624
837 880
119 890
528 608
174 957
216 413
75 909
131 977
220 305
47 957
56 840
213 707
129 509
766 898
131 198
173 473
530 662
404 419
132 284
378 657
592 945
70 853
371 552
27 829
124 785
73 531
780 976
95 485
260 992
250 810
75 474
3 982
736 738
773 867
21 502
612 875
446 944
168 816
644 848
194 323
618 781
108 205
299 397
9 592
194 290
763 818
151 268
117 355
241 888
260 573
447 742
224 539
39 743
590 706
251 683
264 815
468 868
617 922
766 866
407 625
59 442
326 521
592 989
680 832
229 252
91 970
314 698
792 860
353 917
387 733
167 996
201 386
474 815
2 580
339 978
338 397
419 858
74 363
105 846
194 426
636 708
406 747
606 950
549 654
282 874
277 592
92 778
65 131
23 756
109 361
152 527
570 578
241 416
434 682
193 390
70 940
147 371
695 897
24 771
415 976
162 605
6 939
422 696
177 178
430 681
56 1000
258 297
767 939
82 959
503 680
250 826
147 225
248 873
848 917
78 662
19 452
17 499
438 441
569 617
350 967
22 297
349 906
467 670
197 752
778 876
27 606
54 831
173 926
89 430
444 773
519 577
462 887
427 902
324 995
290 871
519 697
397 663
333 425
621 864
436 641
393 848
19 901
223 544
5 826
951 984
448 502
879 909
305 388
63 163
33 652
348 352
367 903
327 744
51 959
299 838
499 951
230 970
399 805
513 577
809 848
256 879
109 350
164 737
678 765
152 416
710 855
115 613
211 221
271 291
169 942
108 472
440 690
190 441
305 494
118 654
152 348
853 909
424 456
573 942
93 102
163 340
455 947
127 520
17 770
185 790
250 711
502 656
291 448
43 784
104 513
608 789
212 697
20 812
472 753
592 925
197 931
88 144
566 737
663 753
335 804
290 397
297 405
695 898
97 293
200 830
157 618
159 368
323 666
138 387
75 978
62 272
501 909
767 997
67 781
401 750
39 936
341 798
47 335
387 431
217 691
847 983
186 493
215 852
815 953
242 341
754 931
191 865
255 631
187 673
288 763
73 698
222 326
390 661
621 777
311 443
425 993
510 530
76 270
84 381
28 721
310 325
189 475
81 500
39 171
753 933
177 326
652 983
372 399
371 664
148 458
33 492
235 542
22 504
617 754
939 997
264 827
306 653
158 804
327 733
196 837
259 521
13 593
524 763
539 965
133 464
166 349
308 583
59 329
28 438
376 434
24 260
329 991
147 912
486 996
33 473
83 832
197 906
429 676
640 959
320 444
455 668
762 961
371 602
39 442
398 876
414 421
487 757
102 399
903 939
375 746
324 930
229 457
126 132
9 436
123 680
231 578
191 347
691 948
133 914
311 338
8 752
84 494
508 537
244 410
827 990
136 150
592 919
378 396
198 831
414 418
117 775
466 956
416 869
754 950
180 957
615 857
716 802
151 398
477 977
612 739
9 127
203 856
278 404
586 594
12 476
602 999
128 307
419 543
175 368
354 648
324 504
478 968
219 470
227 695
447 965
306 925
861 973
728 780
138 726
665 965
16 737
216 567
322 985
110 496
353 758
28 202
261 521
832 857
83 991
526 789
47 184
371 713
44 492
450 533
217 467
305 498
64 482
155 872
400 982
2 752
91 203
132 703
76 988
66 534
71 412
206 469
918 947
192 990
761 993
330 874
371 459
292 634
786 858
538 798
191 800
281 289
354 772
335 429
221 760
182 846
51 984
2 930
193 320
81 271
144 538
348 410
395 867
4 640
604 789
541 794
182 588
426 942
113 953
64 722
333 568
245 316
247 970
245 290
515 791
328 722
10 131
676 876
667 877
232 481
455 772
43 626
305 404
258 336
57 516
673 848
918 976
515 946
164 759
587 954
308 625
282 634
309 790
18 862
93 975
429 850
216 476
823 873
158 231
482 746
154 567
542 593
71 459
