100 200
84 87
16 78
36 94
87 93
22 50
28 63
60 91
27 64
27 41
37 73
12 69
30 68
31 83
24 63
36 68
3 30
23 59
68 70
57 94
12 43
30 74
20 22
38 85
25 99
16 71
14 27
81 92
57 74
63 71
82 97
6 26
28 85
6 37
30 47
14 58
25 96
46 83
15 68
35 65
44 51
9 88
77 79
85 89
4 52
55 100
33 61
69 77
13 40
27 87
40 95
71 96
35 79
2 68
3 98
18 93
53 57
2 81
42 87
66 90
20 45
30 41
18 32
72 98
76 82
10 28
57 68
54 98
66 87
7 84
20 25
29 72
30 33
4 20
69 71
9 16
41 50
24 97
19 46
47 52
22 56
80 89
29 65
42 51
1 94
15 25
57 88
44 92
28 66
37 60
33 52
29 38
8 76
22 75
59 96
30 38
19 29
12 44
29 30
5 77
44 64
14 39
7 41
5 19
29 89
18 70
18 97
25 44
71 84
91 100
26 73
45 91
6 40
55 87
70 83
43 65
8 98
5 56
12 49
23 29
44 100
47 69
23 41
11 12
2 6
31 62
6 79
21 37
27 45
23 66
9 17
59 83
25 38
25 63
1 37
53 100
51 80
69 72
32 74
31 82
34 95
61 64
82 100
97 100
60 74
14 69
91 96
27 67
41 85
85 91
43 77
8 37
46 57
19 80
13 88
49 73
10 60
11 37
43 88
2 7
14 73
20 100
5 22
12 40
41 68
6 29
28 51
59 85
21 25
23 70
31 85
73 93
51 73
26 86
23 100
41 43
14 99
91 99
25 91
10 82
20 37
33 56
5 95
70 80
74 77
51 56
43 61
80 85
6 94
22 68
5 14
55 62
27 60
3 45
3 7
22 85
43 69
29 90
9 73
59 99
9 37
